 57013
 61274
 65023
 51255
 44664
  8614
 30099
 39989
 25289
 48071
  5255
 54991
   686
 31808
 21573
 31502
 13578
 42444
 15847
 19482
 65440
 56334
 47409
 34100
 36139
  3043
 32945
 48242
  9584
 19355
 55151
 49572
 34916
 60740
  3401
 33431
 34343
 29093
 23041
 42314
 65477
 57112
 31336
 56459
 18077
 33387
 29752
 52523
 27079
 34323
 34164
 57290
 12872
 56837
 62471
 61894
 63348
 34386
 28175
 26898
 49189
 42952
 62437
 61789
 27859
  1973
 13022
 46046
 15415
 17408
 49224
 56815
 63347
 61767
 55263
 37586
 57491
 14474
 20203
  8768
  8829
 17458
 49214
 65386
 57844
  1955
 64004
 36028
 46943
 51696
 27880
 26539
 24705
 12683
 63230
 38088
 48772
 14479
 23922
 23064
 15986
 40599
 42940
 29578
  7792
 28885
 11297
 28210
  6419
 37593
 49332
 27622
 31684
 47364
 48442
 46297
 28609
 47919
  4567
 16560
 43037
 17605
 18211
 39010
 23073
 48245
 35373
 34375
 28453
 31644
 10718
 58977
 10165
 40700
 16378
 54111
 20770
 30420
 50656
 38379
 46100
  7218
 41949
  1990
  3980
  4984
 28568
 38235
 60965
  6761
