 39439
 45048
 26893
 16129
 12908
 39043
  2121
 28023
 48497
 46754
  8484
  2197
 21576
 39598
 62323
 35581
 63206
 36717
 33294
 23068
 51200
 16607
 32683
 20976
 62837
 47706
  3232
 20800
 59611
 37215
 57673
  6169
  2512
 57379
 28626
 26218
 37205
 59868
 19160
 60822
 65041
 14498
 50292
 21239
 16898
 35825
  3825
 20820
 19983
 26353
 29032
 43162
 22364
 37831
 30518
 64027
  9279
 51301
  7408
 54963
 38093
 45765
 54340
 34641
 51796
 33191
 37264
 21445
 18279
 27806
 28314
 45649
 46381
 46271
 13723
 16311
 49110
 53515
 35304
 38218
  6898
 48637
 21400
 53628
 59044
 40756
 60364
  7404
 28735
  9237
 57194
 31839
 40924
 20002
  2623
 22035
 64496
 41408
 60986
 29675
  8125
 16020
 21855
 10211
  9219
 45784
 48798
 10787
 38185
 63641
 62228
 28908
 39596
 25948
 34910
 41359
 60230
   901
 36353
 44180
 29295
 40198
  9984
  6033
 41335
 16206
 54906
 47222
 15850
 30428
 13591
 35553
 14151
 49444
 12521
 61594
 38341
  2915
 58537
 14316
 26021
 39400
 32846
 53671
 48286
 40141
 56650
   984
 21938
 61732
